9.999999999999998890e-01,9.430783743176993639e-01,8.681029670661161157e-01,8.411633955739410418e-01,9.037407386441171919e-01,9.760657949938199573e-01,8.674078521770648420e-01,8.957717804242156800e-01
9.430783743176993639e-01,1.000000000000000000e+00,8.226978348269755603e-01,8.290252049408727286e-01,9.389001528643254879e-01,9.292994380570399615e-01,8.195745830915789343e-01,8.327931979260915218e-01
8.681029670661161157e-01,8.226978348269755603e-01,9.999999999999998890e-01,7.108310818970517975e-01,7.695826966230132626e-01,8.497110094773323574e-01,7.526878439984837632e-01,7.932657036976114018e-01
8.411633955739410418e-01,8.290252049408727286e-01,7.108310818970517975e-01,1.000000000000000000e+00,8.519227342630193434e-01,8.257605237853423708e-01,7.456128025443370388e-01,7.818342208850458386e-01
9.037407386441171919e-01,9.389001528643254879e-01,7.695826966230132626e-01,8.519227342630193434e-01,1.000000000000000222e+00,8.840252099860879120e-01,7.895264559931596260e-01,8.088281532898027315e-01
9.760657949938199573e-01,9.292994380570399615e-01,8.497110094773323574e-01,8.257605237853423708e-01,8.840252099860879120e-01,9.999999999999998890e-01,8.362927878321054775e-01,8.735040350529517106e-01
8.674078521770648420e-01,8.195745830915789343e-01,7.526878439984837632e-01,7.456128025443370388e-01,7.895264559931596260e-01,8.362927878321054775e-01,1.000000000000000000e+00,7.534180240434753539e-01
8.957717804242156800e-01,8.327931979260915218e-01,7.932657036976114018e-01,7.818342208850458386e-01,8.088281532898027315e-01,8.735040350529517106e-01,7.534180240434753539e-01,1.000000000000000000e+00
